              0              0              0
           0.05     0.00789219     0.00782749
            0.1      0.0150118      0.0148888
           0.15       0.020662      0.0204926
            0.2      0.0242897      0.0240906
           0.25      0.0255397      0.0253303
            0.3      0.0242897      0.0240906
           0.35       0.020662      0.0204927
            0.4      0.0150119      0.0148888
           0.45     0.00789222     0.00782751
            0.5    3.33849e-08    1.65556e-08
           0.55    -0.00789216    -0.00782748
            0.6     -0.0150118     -0.0148888
           0.65      -0.020662     -0.0204926
            0.7     -0.0242896     -0.0240905
           0.75     -0.0255396     -0.0253303
            0.8     -0.0242897     -0.0240906
           0.85      -0.020662     -0.0204927
            0.9     -0.0150118     -0.0148888
           0.95    -0.00789219    -0.00782753
              1              0   -3.31113e-08
