              0              0              0
            0.1      0.0153884      0.0148888
            0.2       0.024899      0.0240906
            0.3       0.024899      0.0240906
            0.4      0.0153884      0.0148888
            0.5    3.42224e-08    1.65556e-08
            0.6     -0.0153884     -0.0148888
            0.7      -0.024899     -0.0240905
            0.8      -0.024899     -0.0240906
            0.9     -0.0153884     -0.0148888
              1              0   -3.31113e-08
