      0.01              5
      0.02        5.00001
      0.03        5.00002
      0.04        5.00003
      0.05        5.00004
      0.06        5.00006
      0.07        5.00008
      0.08         5.0001
      0.09        5.00012
       0.1        5.00014
      0.11        5.00017
      0.12        5.00019
      0.13        5.00021
      0.14        5.00024
      0.15        5.00026
      0.16        5.00028
      0.17         5.0003
      0.18        5.00031
      0.19        5.00032
       0.2        5.00034
      0.21        5.00034
      0.22        5.00035
      0.23        5.00034
      0.24        5.00034
      0.25        5.00033
      0.26        5.00031
      0.27        5.00029
      0.28        5.00026
      0.29        5.00023
       0.3        5.00018
      0.31        5.00013
      0.32        5.00008
      0.33        5.00001
      0.34        4.99993
      0.35        4.99985
      0.36        4.99975
      0.37        4.99965
      0.38        4.99953
      0.39        4.99941
       0.4        4.99927
      0.41        4.99912
      0.42        4.99896
      0.43        4.99878
      0.44        4.99859
      0.45        4.99839
      0.46        4.99817
      0.47        4.99794
      0.48         4.9977
      0.49        4.99743
       0.5        4.99715
      0.51        4.99686
      0.52        4.99655
      0.53        4.99622
      0.54        4.99587
      0.55         4.9955
      0.56        4.99512
      0.57        4.99471
      0.58        4.99429
      0.59        4.99384
       0.6        4.99337
      0.61        4.99289
      0.62        4.99238
      0.63        4.99185
      0.64        4.99129
      0.65        4.99071
      0.66        4.99011
      0.67        4.98949
      0.68        4.98884
      0.69        4.98816
       0.7        4.98746
      0.71        4.98673
      0.72        4.98598
      0.73         4.9852
      0.74        4.98439
      0.75        4.98356
      0.76        4.98269
      0.77         4.9818
      0.78        4.98087
      0.79        4.97992
       0.8        4.97894
      0.81        4.97792
      0.82        4.97688
      0.83         4.9758
      0.84        4.97469
      0.85        4.97355
      0.86        4.97237
      0.87        4.97116
      0.88        4.96992
      0.89        4.96864
       0.9        4.96732
      0.91        4.96598
      0.92        4.96459
      0.93        4.96317
      0.94        4.96171
      0.95        4.96021
      0.96        4.95867
      0.97         4.9571
      0.98        4.95549
      0.99        4.95383
         1        4.95214
