      0.01         0.0019    0.000117002
      0.02      0.0039001    0.000240016
      0.03      0.0060005    0.000369054
      0.04      0.0082014    0.000504128
      0.05       0.010503    0.000645251
      0.06      0.0129055    0.000792434
      0.07      0.0154091     0.00094569
      0.08      0.0180141     0.00110503
      0.09      0.0207205     0.00127047
       0.1      0.0235287     0.00144202
      0.11      0.0264388     0.00161968
      0.12       0.029451     0.00180349
      0.13      0.0325656     0.00199344
      0.14      0.0357827     0.00218955
      0.15      0.0391026     0.00239183
      0.16      0.0425255     0.00260029
      0.17      0.0460515     0.00281495
      0.18      0.0496809     0.00303582
      0.19      0.0534139     0.00326292
       0.2      0.0572507     0.00349624
      0.21      0.0611915     0.00373582
      0.22      0.0652365     0.00398165
      0.23       0.069386     0.00423376
      0.24      0.0736402     0.00449216
      0.25      0.0779992     0.00475685
      0.26      0.0824633     0.00502785
      0.27      0.0870327     0.00530518
      0.28      0.0917076     0.00558885
      0.29      0.0964883     0.00587886
       0.3       0.101375     0.00617524
      0.31       0.106368       0.006478
      0.32       0.111467     0.00678715
      0.33       0.116673      0.0071027
      0.34       0.121985     0.00742467
      0.35       0.127405     0.00775307
      0.36       0.132932     0.00808791
      0.37       0.138566      0.0084292
      0.38       0.144308     0.00877697
      0.39       0.150159     0.00913122
       0.4       0.156117     0.00949197
      0.41       0.162183     0.00985922
      0.42       0.168359       0.010233
      0.43       0.174643      0.0106133
      0.44       0.181036      0.0110002
      0.45       0.187539      0.0113936
      0.46       0.194151      0.0117936
      0.47       0.200872      0.0122003
      0.48       0.207704      0.0126135
      0.49       0.214646      0.0130333
       0.5       0.221699      0.0134598
      0.51       0.228862      0.0138929
      0.52       0.236136      0.0143327
      0.53       0.243521      0.0147791
      0.54       0.251018      0.0152323
      0.55       0.258626      0.0156921
      0.56       0.266346      0.0161587
      0.57       0.274178       0.016632
      0.58       0.282123       0.017112
      0.59        0.29018      0.0175988
       0.6        0.29835      0.0180924
      0.61       0.306633      0.0185928
      0.62       0.315029         0.0191
      0.63       0.323539       0.019614
      0.64       0.332163      0.0201348
      0.65         0.3409      0.0206625
      0.66       0.349752       0.021197
      0.67       0.358718      0.0217385
      0.68         0.3678      0.0222868
      0.69       0.376996       0.022842
       0.7       0.386307      0.0234042
      0.71       0.395734      0.0239732
      0.72       0.405277      0.0245493
      0.73       0.414935      0.0251323
      0.74        0.42471      0.0257223
      0.75       0.434601      0.0263192
      0.76        0.44461      0.0269232
      0.77       0.454735      0.0275343
      0.78       0.464977      0.0281523
      0.79       0.475337      0.0287775
       0.8       0.485815      0.0294097
      0.81        0.49641      0.0300489
      0.82       0.507124      0.0306953
      0.83       0.517957      0.0313488
      0.84       0.528908      0.0320095
      0.85       0.539978      0.0326773
      0.86       0.551168      0.0333522
      0.87       0.562477      0.0340344
      0.88       0.573906      0.0347237
      0.89       0.585455      0.0354203
       0.9       0.597125      0.0361241
      0.91       0.608915      0.0368351
      0.92       0.620826      0.0375534
      0.93       0.632858       0.038279
      0.94       0.645011      0.0390118
      0.95       0.657287       0.039752
      0.96       0.669684      0.0404995
      0.97       0.682203      0.0412544
      0.98       0.694845      0.0420166
      0.99        0.70761      0.0427861
         1       0.720498      0.0435631
